-716608 -716608 -716608 -716608 -716608 -716608 -716608 -716608 -716608 -716608 -716608 -161.65 -161.65 82832.4 
1.81651e+06 1.81651e+06 1.81651e+06 1.81651e+06 1.81651e+06 1.81651e+06 1.81651e+06 1.81651e+06 1.81651e+06 1.81651e+06 1.81651e+06 172.65 172.65 27166.5 
-716608 -716608 -716608 -716608 -716608 -716608 -716608 -716608 -716608 -716608 -716608 -161.65 -161.65 82832.4 
-716608 -716608 -716608 -716608 -716608 -716608 -716608 -716608 -716608 -716608 -716608 -161.65 -161.65 82832.4 
1.13086e+06 1.13086e+06 1.13086e+06 1.13086e+06 1.13086e+06 1.13086e+06 1.13086e+06 1.13086e+06 1.13086e+06 1.13086e+06 1.13086e+06 23.0924 23.0924 101308 
-30934.8 -30934.8 -30934.8 -30934.8 -30934.8 -30934.8 -30934.8 -30934.8 -30934.8 -30934.8 -30934.8 -12.089 -12.089 8690.54 
1.13086e+06 1.13086e+06 1.13086e+06 1.13086e+06 1.13086e+06 1.13086e+06 1.13086e+06 1.13086e+06 1.13086e+06 1.13086e+06 1.13086e+06 23.0924 23.0924 101308 
1.13086e+06 1.13086e+06 1.13086e+06 1.13086e+06 1.13086e+06 1.13086e+06 1.13086e+06 1.13086e+06 1.13086e+06 1.13086e+06 1.13086e+06 23.0924 23.0924 101308 
1.96925e+06 1.96925e+06 1.96925e+06 1.96925e+06 1.96925e+06 1.96925e+06 1.96925e+06 1.96925e+06 1.96925e+06 1.96925e+06 1.96925e+06 106.923 106.923 109697 
-869268 -869268 -869268 -869268 -869268 -869268 -869268 -869268 -869268 -869268 -869268 -95.9249 -95.9249 306.427 
1.96925e+06 1.96925e+06 1.96925e+06 1.96925e+06 1.96925e+06 1.96925e+06 1.96925e+06 1.96925e+06 1.96925e+06 1.96925e+06 1.96925e+06 106.923 106.923 109697 
1.96925e+06 1.96925e+06 1.96925e+06 1.96925e+06 1.96925e+06 1.96925e+06 1.96925e+06 1.96925e+06 1.96925e+06 1.96925e+06 1.96925e+06 106.923 106.923 109697 
2.07344e+06 2.07344e+06 2.07344e+06 2.07344e+06 2.07344e+06 2.07344e+06 2.07344e+06 2.07344e+06 2.07344e+06 2.07344e+06 2.07344e+06 117.339 117.339 110729 
-973398 -973398 -973398 -973398 -973398 -973398 -973398 -973398 -973398 -973398 -973398 -106.341 -106.341 -733.82 
2.07344e+06 2.07344e+06 2.07344e+06 2.07344e+06 2.07344e+06 2.07344e+06 2.07344e+06 2.07344e+06 2.07344e+06 2.07344e+06 2.07344e+06 117.339 117.339 110729 
2.07344e+06 2.07344e+06 2.07344e+06 2.07344e+06 2.07344e+06 2.07344e+06 2.07344e+06 2.07344e+06 2.07344e+06 2.07344e+06 2.07344e+06 117.339 117.339 110729 
